
0.0171076,0.0110808,14.4372,7.94611,17.9322,16.1602
0.0289022,0.0186254,17.47,12.3661,30.5978,31.9266
0.0435028,0.0250114,19.696,15.807,45.1436,48.8443
0.0604316,0.0306013,22.8955,18.5341,61.8841,65.6593
0.0792791,0.0356617,27.5246,20.6452,79.6088,80.3698
0.0998295,0.0404353,33.5441,22.241,97.31,91.9672
0.121899,0.0451419,40.6673,23.4294,114.447,100.303
0.145311,0.049972,48.5546,24.3143,130.992,105.727
0.169915,0.0550816,56.922,24.9888,147.402,108.797
0.195597,0.060592,65.5699,25.5318,164.517,110.091
0.222269,0.0665937,74.3715,26.0057,183.386,110.114
0.249866,0.0731525,83.2506,26.4558,205.048,109.253
0.278324,0.0803166,92.1589,26.9114,230.337,107.782
0.307574,0.0881233,101.054,27.3897,259.74,105.875
0.337532,0.0966038,109.882,27.8983,293.357,103.63
0.368096,0.105788,118.564,28.4357,330.921,101.096
0.399155,0.115706,126.996,28.9936,371.853,98.2877
0.430589,0.126392,135.052,29.5597,415.324,95.2036
0.462282,0.13788,142.596,30.1192,460.314,91.8362
0.494129,0.150208,149.489,30.6566,505.668,88.1798
0.526036,0.163418,155.594,31.1554,550.153,84.2369
0.55792,0.177551,160.783,31.6005,592.519,80.0228
0.589707,0.192645,164.939,31.9779,631.561,75.5705
0.621324,0.208738,167.955,32.2764,666.185,70.9342
0.652689,0.225859,169.734,32.4878,695.464,66.1931
0.683702,0.244026,170.197,32.6091,718.688,61.4693
0.71423,0.263245,169.274,32.6389,735.393,56.8827
0.744094,0.283503,166.919,32.582,745.372,52.6142
0.773054,0.304765,163.109,32.4474,748.673,48.8804
0.800799,0.326971,157.855,32.2483,745.568,45.9345
0.826936,0.350027,151.213,32.0015,736.519,44.048
0.850993,0.373807,143.296,31.7261,722.125,43.4668
0.872434,0.398148,134.282,31.4426,703.071,44.3473
0.890684,0.422845,124.418,31.17,680.074,46.7062
0.905183,0.447655,114.006,30.9242,653.834,50.4167
0.915445,0.472291,103.369,30.7148,625,55.2475
0.92111,0.496426,92.8197,30.5444,594.158,60.9047
0.921992,0.519696,82.6201,30.4064,561.835,67.0542
0.918093,0.541706,72.9751,30.2862,528.558,73.3269
0.90959,0.562034,64.0359,30.1616,494.853,79.3207
0.896804,0.58024,55.9077,30.0069,461.334,84.6106
0.880149,0.595882,48.6599,29.7947,428.736,88.7707
0.860075,0.608527,42.3301,29.5002,397.951,91.4077
0.83702,0.617766,36.9266,29.1037,370.057,92.201
0.811376,0.623233,32.4329,28.5939,346.306,90.9434
0.783472,0.624622,28.8084,27.9698,328.032,87.5746
0.753574,0.621709,25.9885,27.2409,316.447,82.1993
0.721899,0.614363,23.8827,26.4281,312.339,75.0869
0.688629,0.602562,22.3824,25.5625,315.786,66.6478
0.653934,0.586402,21.3739,24.683,326.058,57.3905
0.617987,0.5661,20.7457,23.8325,341.773,47.8639
0.580977,0.541988,20.3985,23.0534,361.177,38.596
0.543121,0.514504,20.2489,22.3802,382.415,30.0369
0.504665,0.484174,20.2292,21.834,403.681,22.5174
0.46589,0.451593,20.2834,21.4177,423.292,16.2261
0.427107,0.417396,20.3645,21.1149,439.708,11.217
0.38865,0.382234,20.4308,20.8929,451.554,7.42209
0.350876,0.346753,20.4448,20.7058,457.645,4.68973
0.314144,0.311568,20.3724,20.5034,457.039,2.82274
0.278814,0.277247,20.1835,20.2373,449.097,1.61428
0.245224,0.244295,19.8534,19.8659,433.549,0.874835
0.213681,0.213144,19.3636,19.3572,410.552,0.448071
0.184443,0.184139,18.7027,18.6901,380.728,0.21633
0.157705,0.157537,17.8679,17.8552,345.157,0.0982315
0.13359,0.133498,16.865,16.8548,305.329,0.0418942
0.112137,0.112088,15.7088,15.7017,263.04,0.0167933
0.0933065,0.093281,14.4231,14.4184,220.234,0.00636127
0.0769808,0.0769678,13.0387,13.0359,178.827,0.0023116
0.0629815,0.0629751,11.5924,11.5907,140.51,0.000831707
0.0510879,0.0510849,10.1243,10.1234,106.591,0.000311465
0.0410597,0.0410583,8.67559,8.67508,77.8846,0.000128001
0.0326587,0.0326574,7.28532,7.2848,54.6832,0.000128001
0.025664,0.0256634,5.98775,5.98753,36.7981,5.62848e-05
0.0198834,0.019883,4.81071,4.81049,23.6744,5.62848e-05
0.0151518,0.0151513,3.77321,3.773,14.5231,5.62848e-05
0.0113276,0.0113273,2.88522,2.885,8.47148,5.62848e-05
0.0082872,0.00828687,2.14781,2.14759,4.68523,5.62848e-05
0.00591803,0.00591774,1.55425,1.55403,2.44942,5.62848e-05
0.0041152,0.00411495,1.09166,1.09143,1.20667,5.62848e-05
0.00277994,0.00277984,0.743031,0.742854,0.558323,1.93999e-05
0.00182028,0.00182017,0.489326,0.48909,0.241814,1.93999e-05
0.00115288,0.00115275,0.311346,0.311013,0.0976985,1.93999e-05
0.0007047,0.000704775,0.190649,0.190745,0.0367001,1.93925e-05
0.000415202,0.000415372,0.112549,0.112754,0.0127825,1.93925e-05
0.000235619,0.000235957,0.063968,0.0643747,0.00412313,1.93925e-05
0.00012901,0.000129657,0.0351121,0.0358989,0.0012356,1.93925e-05
6.87103e-05,6.99314e-05,0.0188693,0.0203537,0.000348939,1.93925e-05
3.64388e-05,3.86778e-05,0.0103715,0.0129449,9.64906e-05,1.93925e-05
2.02438e-05,2.39885e-05,0.00642022,0.0101258,2.81075e-05,1.93925e-05
1.2576e-05,1.3062e-05,0.00485436,0.00469385,9.39604e-06,3.1804e-06
1.2576e-05,1.3062e-05,0.00485436,0.00469385,9.39604e-06,3.1804e-06
1.2576e-05,1.3062e-05,0.00485436,0.00469385,9.39604e-06,3.1804e-06
8.54272e-06,9.15834e-06,0.004231,0.00404074,3.32006e-06,3.1804e-06
8.54272e-06,9.15834e-06,0.004231,0.00404074,3.32006e-06,3.1804e-06
8.54272e-06,9.15834e-06,0.004231,0.00404074,3.32006e-06,3.1804e-06
8.54272e-06,9.15834e-06,0.004231,0.00404074,3.32006e-06,3.1804e-06
8.54272e-06,9.15834e-06,0.004231,0.00404074,3.32006e-06,3.1804e-06
8.54272e-06,9.15834e-06,0.004231,0.00404074,3.32006e-06,3.1804e-06
7.15001e-06,9.15834e-06,0.00186911,0.00404074,3.31903e-06,3.17947e-06
7.15001e-06,9.15834e-06,0.00186911,0.00404074,3.31903e-06,3.17947e-06
